-1.059 -1.240 2.429 -1.686 0.332 -0.517 0.964 0.988 -0.750 0.167 
1.283 1.222 -2.531 1.970 -0.635 0.567 -1.036 -0.845 0.750 -0.167 
1.155 1.278 -2.403 1.846 -0.532 0.517 -0.964 -0.988 0.750 -0.167 
0.238 0.377 -0.673 0.272 0.040 0.083 -0.321 -0.440 0.250 0.167 
-0.113 0.105 -0.027 -0.160 0.200 0.000 0.000 0.000 0.000 0.000 
0.108 0.013 -0.211 0.236 -0.120 0.100 0.000 0.000 0.000 0.000 
0.434 0.606 -1.113 0.632 -0.160 0.083 -0.321 -0.440 0.250 0.167 
-1.709 -1.802 3.593 -2.515 0.811 -0.700 1.286 1.429 -1.000 0.000 
-0.640 -0.733 1.295 -0.994 0.192 -0.317 0.464 0.488 -0.250 0.167 
-0.336 -0.359 0.774 -0.556 0.262 -0.133 0.393 0.298 -0.250 -0.167 

-0.003 -0.018 -0.253 -0.006 0.004 0.021 -0.101 0.347 0.000 -0.143 
-0.114 0.133 -0.112 0.100 0.060 -0.029 0.138 -0.175 0.050 0.000 
-0.071 -0.084 0.231 -0.090 0.130 0.000 0.048 -0.116 -0.050 -0.071 
0.016 0.013 0.063 -0.017 -0.168 -0.003 0.006 0.138 0.000 -0.071 
0.038 -0.036 -0.046 0.006 0.014 0.008 -0.080 0.049 0.050 0.143 
0.147 -0.076 0.042 0.008 0.000 -0.008 0.000 0.000 0.000 0.000 
0.015 0.035 -0.123 0.100 -0.036 0.007 -0.055 0.071 0.000 0.000 
-0.069 0.036 0.007 0.016 0.027 -0.005 0.083 -0.106 -0.050 0.071 
0.083 0.032 0.139 -0.071 -0.011 -0.001 -0.005 -0.104 0.050 0.000 
0.005 0.094 0.050 0.003 -0.008 -0.017 0.053 -0.138 0.000 0.071 
