-0.161 -0.539 0.968 0.113 0.998 -0.339 -1.050 0.250 -0.250 0.500 
0.348 -1.865 1.750 -0.123 1.820 -0.872 -1.350 0.250 0.250 1.000 
0.140 -0.031 -0.197 -0.023 -0.104 0.022 0.200 0.000 0.000 0.000 
-0.115 0.067 -0.083 0.125 0.000 0.000 0.000 0.000 0.000 0.000 
0.200 0.603 -0.938 -0.090 -0.894 0.317 0.850 -0.250 0.250 -0.500 
0.086 0.708 -1.064 -0.146 -1.183 0.450 1.050 -0.250 0.250 -0.500 
-0.212 -0.111 0.157 0.074 0.252 0.089 -0.200 0.000 0.000 0.000 
-0.387 0.085 0.324 0.319 0.611 -0.167 -0.500 0.500 -0.500 -0.000 
-0.328 1.832 -1.583 0.123 -1.820 0.872 1.350 -0.250 -0.250 -1.000 
0.256 -0.724 0.793 -0.322 0.469 -0.261 -0.350 -0.250 0.250 0.500 

-0.206 0.013 0.116 -0.005 -0.147 0.104 0.061 -0.006 -0.094 0.250 
0.175 -0.050 0.000 0.000 0.000 0.000 0.000 0.000 0.000 0.000 
0.174 0.021 0.022 0.006 0.320 -0.229 -0.169 -0.136 0.186 -0.375 
0.037 0.039 -0.058 0.010 0.000 0.000 0.000 0.000 0.000 0.000 
-0.299 0.091 0.051 0.027 -0.388 0.166 -0.094 0.594 -0.228 0.250 
-0.026 0.022 -0.122 0.004 0.115 -0.071 0.000 0.000 0.000 0.000 
-0.053 -0.132 0.080 -0.041 -0.134 0.200 0.506 -0.339 -0.094 0.250 
0.039 -0.073 0.037 -0.018 -0.010 0.113 0.156 -0.156 0.022 0.000 
0.160 -0.044 0.006 -0.023 0.166 -0.083 0.047 -0.297 0.114 -0.125 
-0.005 0.056 -0.065 0.019 0.040 -0.077 -0.219 0.192 0.092 -0.125 
